%YAML:1.0
---
R: !!opencv-matrix
   rows: 3
   cols: 3
   dt: d
   data: [ 9.9985131797321258e-01, 8.4567968255462086e-03,
       -1.5027459355500400e-02, -8.6206108846113554e-03,
       9.9990376110312451e-01, -1.0869848195892848e-02,
       1.4934089031671972e-02, 1.0997777924520315e-02,
       9.9982799614009454e-01 ]
T: !!opencv-matrix
   rows: 3
   cols: 1
   dt: d
   data: [ 2.2561714670875355e+02, 2.5441041576828249e+00,
       5.7217713739069156e+00 ]
R1: !!opencv-matrix
   rows: 3
   cols: 3
   dt: d
   data: [ 9.9974786325402865e-01, 2.0003118717937637e-02,
       1.0202213512776077e-02, -1.9948038544790107e-02,
       9.9978604174118746e-01, -5.4723393264727773e-03,
       -1.0309494518149137e-02, 5.2674454002471349e-03,
       9.9993298192515667e-01 ]
R2: !!opencv-matrix
   rows: 3
   cols: 3
   dt: d
   data: [ 9.9961506767741914e-01, 1.1271859815881486e-02,
       2.5350772149182792e-02, -1.1407849849162209e-02,
       9.9992127121137975e-01, 5.2261210124789686e-03,
       -2.5289868210167422e-02, -5.5133071118177264e-03,
       9.9966495687835488e-01 ]
P1: !!opencv-matrix
   rows: 3
   cols: 4
   dt: d
   data: [ -5.4480573553950835e+03, 0., 4.3818470182418823e+03, 0., 0.,
       -5.4480573553950835e+03, -2.3923938608169556e+02, 0., 0., 0., 1.,
       0. ]
P2: !!opencv-matrix
   rows: 3
   cols: 4
   dt: d
   data: [ -5.4480573553950835e+03, 0., 4.3818470182418823e+03,
       -1.2296484870779654e+06, 0., -5.4480573553950835e+03,
       -2.3923938608169556e+02, 0., 0., 0., 1., 0. ]
Q: !!opencv-matrix
   rows: 4
   cols: 4
   dt: d
   data: [ 1., 0., 0., -4.3818470182418823e+03, 0., 1., 0.,
       2.3923938608169556e+02, 0., 0., 0., -5.4480573553950835e+03, 0.,
       0., -4.4305811072409768e-03, 0. ]
