%YAML:1.0
---
R: !!opencv-matrix
   rows: 3
   cols: 3
   dt: d
   data: [ 9.9931810621865869e-01, 5.3520284177482553e-03,
       3.6533250271076838e-02, -5.7157400637062794e-03,
       9.9993506842009094e-01, 9.8584613014523256e-03,
       -3.6478115344376873e-02, -1.0060553440229084e-02,
       9.9928380971843955e-01 ]
T: !!opencv-matrix
   rows: 3
   cols: 1
   dt: d
   data: [ 2.4841218837834851e+00, -6.8341354244602540e-02,
       5.1696125477654753e-01 ]
R1: !!opencv-matrix
   rows: 3
   cols: 3
   dt: d
   data: [ 9.7072700962751868e-01, -2.3733842002583216e-02,
       2.3900999460987352e-01, 2.2411611149274403e-02,
       9.9971479881734460e-01, 8.2486793664141057e-03,
       -2.3913760152955676e-01, -2.6506167947487245e-03,
       9.7098207077437759e-01 ]
R2: !!opencv-matrix
   rows: 3
   cols: 3
   dt: d
   data: [ 9.7866986466978378e-01, -2.6924453404052268e-02,
       2.0366730173525688e-01, 2.8048181891614184e-02,
       9.9960310609858272e-01, -2.6324457526287529e-03,
       -2.0351559026227467e-01, 8.2887928529204805e-03,
       9.7903661853540458e-01 ]
P1: !!opencv-matrix
   rows: 3
   cols: 4
   dt: d
   data: [ -1.0333062843569589e+02, 0., 4.5208841514587402e+02, 0., 0.,
       -1.0333062843569589e+02, 1.3964031589031219e+02, 0., 0., 0., 1.,
       0. ]
P2: !!opencv-matrix
   rows: 3
   cols: 4
   dt: d
   data: [ -1.0333062843569589e+02, 0., 4.5208841514587402e+02,
       -2.6228035073790835e+02, 0., -1.0333062843569589e+02,
       1.3964031589031219e+02, 0., 0., 0., 1., 0. ]
Q: !!opencv-matrix
   rows: 4
   cols: 4
   dt: d
   data: [ 1., 0., 0., -4.5208841514587402e+02, 0., 1., 0.,
       -1.3964031589031219e+02, 0., 0., 0., -1.0333062843569589e+02, 0.,
       0., -3.9397014738230296e-01, 0. ]
