%YAML:1.0
---
M1: !!opencv-matrix
   rows: 3
   cols: 3
   dt: d
   data: [ 2.3272636867944726e+02, 0., 1.5826673240906703e+02, 0.,
       3.0421708042098049e+02, 1.2001057329534656e+02, 0., 0., 1. ]
D1: !!opencv-matrix
   rows: 1
   cols: 14
   dt: d
   data: [ -1.5882569599822216e+00, 1.4891732512476684e+01, 0., 0., 0.,
       0., 0., 3.8196032596018306e+01, 0., 0., 0., 0., 0., 0. ]
M2: !!opencv-matrix
   rows: 3
   cols: 3
   dt: d
   data: [ 2.3272636867944726e+02, 0., 1.5459441791821064e+02, 0.,
       3.0421708042098049e+02, 1.1460905405471512e+02, 0., 0., 1. ]
D2: !!opencv-matrix
   rows: 1
   cols: 14
   dt: d
   data: [ -3.1607593874932033e-01, -7.1613695577442016e-01, 0., 0., 0.,
       0., 0., -6.0773670162901734e+00, 0., 0., 0., 0., 0., 0. ]
