%YAML:1.0
---
M1: !!opencv-matrix
   rows: 3
   cols: 3
   dt: d
   data: [ 1.9568681750031936e+02, 0., 1.6030551087633779e+02, 0.,
       2.5241775845171844e+02, 1.1906160180016938e+02, 0., 0., 1. ]
D1: !!opencv-matrix
   rows: 1
   cols: 14
   dt: d
   data: [ -4.7549951515996530e-02, 2.2935533196228455e-02, 0., 0., 0.,
       0., 0., -6.3575706707884416e-01, 0., 0., 0., 0., 0., 0. ]
M2: !!opencv-matrix
   rows: 3
   cols: 3
   dt: d
   data: [ 1.9568681750031936e+02, 0., 1.5993720195663244e+02, 0.,
       2.5241775845171844e+02, 1.1769295632369636e+02, 0., 0., 1. ]
D2: !!opencv-matrix
   rows: 1
   cols: 14
   dt: d
   data: [ -2.6485883701284774e-01, 4.6258367911857885e+00, 0., 0., 0.,
       0., 0., 3.1018960304270134e+01, 0., 0., 0., 0., 0., 0. ]
