%YAML:1.0
---
R: !!opencv-matrix
   rows: 3
   cols: 3
   dt: d
   data: [ 9.9985131796894122e-01, 8.4567968730483601e-03,
       -1.5027459612962632e-02, -8.6206109365402055e-03,
       9.9990376110151813e-01, -1.0869848302482962e-02,
       1.4934089287667558e-02, 1.0997778034047960e-02,
       9.9982799613506612e-01 ]
T: !!opencv-matrix
   rows: 3
   cols: 1
   dt: d
   data: [ 3.0488803626290704e+00, 3.4379790172794432e-02,
       7.7321235304351171e-02 ]
R1: !!opencv-matrix
   rows: 3
   cols: 3
   dt: d
   data: [ 9.9974786322638642e-01, 2.0003120159189789e-02,
       1.0202213395700266e-02, -1.9948039986160789e-02,
       9.9978604171213514e-01, -5.4723393801345659e-03,
       -1.0309494409762397e-02, 5.2674454413743771e-03,
       9.9993298192605751e-01 ]
R2: !!opencv-matrix
   rows: 3
   cols: 3
   dt: d
   data: [ 9.9961506765778207e-01, 1.1271861205469247e-02,
       2.5350772305637578e-02, -1.1407851240770615e-02,
       9.9992127119535223e-01, 5.2261210414079511e-03,
       -2.5289868358615332e-02, -5.5133071776961194e-03,
       9.9966495687423607e-01 ]
P1: !!opencv-matrix
   rows: 3
   cols: 4
   dt: d
   data: [ -5.4480617736568238e+03, 0., 4.3818471403121948e+03, 0., 0.,
       -5.4480617736568238e+03, -2.3923950719833374e+02, 0., 0., 0., 1.,
       0. ]
P2: !!opencv-matrix
   rows: 3
   cols: 4
   dt: d
   data: [ -5.4480617736568238e+03, 0., 4.3818471403121948e+03,
       -1.6616884932529836e+04, 0., -5.4480617736568238e+03,
       -2.3923950719833374e+02, 0., 0., 0., 1., 0. ]
Q: !!opencv-matrix
   rows: 4
   cols: 4
   dt: d
   data: [ 1., 0., 0., -4.3818471403121948e+03, 0., 1., 0.,
       2.3923950719833374e+02, 0., 0., 0., -5.4480617736568238e+03, 0.,
       0., -3.2786300174658450e-01, 0. ]
