%YAML:1.0
---
M1: !!opencv-matrix
   rows: 3
   cols: 3
   dt: d
   data: [ 1.9568681837625556e+02, 0., 1.6030551089954275e+02, 0.,
       2.5241775952487666e+02, 1.1906160176680875e+02, 0., 0., 1. ]
D1: !!opencv-matrix
   rows: 1
   cols: 14
   dt: d
   data: [ -4.7549952054873557e-02, 2.2935540946076183e-02, 0., 0., 0.,
       0., 0., -6.3575705546936756e-01, 0., 0., 0., 0., 0., 0. ]
M2: !!opencv-matrix
   rows: 3
   cols: 3
   dt: d
   data: [ 1.9568681837625556e+02, 0., 1.5993720201141707e+02, 0.,
       2.5241775952487666e+02, 1.1769295624844867e+02, 0., 0., 1. ]
D2: !!opencv-matrix
   rows: 1
   cols: 14
   dt: d
   data: [ -2.6485884104310303e-01, 4.6258369034259070e+00, 0., 0., 0.,
       0., 0., 3.1018961449641672e+01, 0., 0., 0., 0., 0., 0. ]
